32
-2.10979 4.20005 5.32768 -0.455624 -2.15154 -3.79016 -7.96147 -1.95776 4.40289 1.31083 -1.00261 1.6267 -7.64281 2.82512 3.69785 9.83816 3.20207 6.38113 2.71373 -5.11999 2.50062 -4.02933 -2.05764 -0.621078 -3.48238 -5.0951 0.252349 -1.74128 3.68725 -3.10662 1.39343 -0.204423 
-0.924754 1.71609 2.6735 -0.0212104 -0.674543 -1.82448 -3.18735 -0.88098 1.7264 0.122106 -0.332395 0.56158 -4.21511 0.629803 1.60657 4.91351 2.35629 3.83002 1.02072 -2.96354 0.929999 -1.84419 -0.453825 0.136136 -1.20153 -2.43508 0.170217 -0.36146 1.74938 -2.16325 -0.0488717 -0.464117 
-1.33553 0.839774 2.43489 0.583408 -0.603162 -2.27659 -2.22102 -0.502979 0.800957 -0.533304 -0.103264 0.229846 -2.55315 0.94164 1.04002 3.26984 1.45162 3.04858 0.657799 -2.20426 0.662263 -1.11199 -0.0953908 0.526758 -0.775106 -1.56987 -0.177002 0.30232 0.0356031 -1.28418 -0.892728 1.16902 
1.15292 -1.1149 -2.63583 -0.628794 0.785008 1.5678 2.48817 0.238482 -1.16047 0.368262 0.356461 -0.46288 2.42414 -0.615966 -0.856161 -3.16936 -1.03898 -2.64627 -0.8316 1.79148 -0.261246 1.62341 0.192029 -0.260071 1.27298 1.44936 -0.12179 0.562081 -0.126897 0.670676 0.0463449 -0.954439 
-4.10184 5.37117 9.57479 0.662989 -3.13584 -6.07936 -11.1289 -2.33785 7.03378 1.05991 -0.864277 2.69535 -11.967 3.66321 5.0603 14.8812 5.38472 11.1151 3.96101 -7.61478 3.24732 -6.23199 -2.45622 -0.994656 -5.83882 -7.73923 0.175561 -2.51512 3.8664 -4.98958 0.855126 0.259227 
1.32332 -2.96236 -3.80242 0.198688 2.66939 1.92665 6.53961 1.08943 -3.97168 -2.2774 0.986745 -2.05572 5.06763 -2.4236 -1.9912 -7.83753 -0.976768 -4.24927 -2.7696 3.14229 -1.37456 3.63879 1.98542 1.61054 3.37666 3.69591 -0.432499 2.46345 -3.23718 1.86312 -2.61942 0.645243 
2.75643 -4.07059 -7.58792 0.0981982 2.45262 5.24968 9.17948 2.03321 -4.98207 -0.611436 0.694047 -1.96932 9.14198 -2.72997 -4.3161 -12.1765 -4.4331 -8.46538 -2.95544 6.64885 -2.48209 4.61205 1.89016 0.68278 4.31911 6.22779 -0.58968 1.49381 -3.61241 4.19217 -0.774557 -0.22173 
-2.79107 4.50931 6.57215 -0.839106 -2.45767 -4.94357 -9.4315 -1.58648 5.21465 1.00072 -0.665331 2.18223 -8.76411 3.13692 4.34342 12.1502 3.90064 7.60069 3.36831 -6.01509 2.77831 -4.86599 -1.7877 -0.966891 -4.42174 -5.74485 0.479102 -2.0206 3.76104 -4.06943 1.13331 0.200648 
-0.683285 1.07801 1.38026 -0.460333 -0.780483 -1.73084 -2.49925 0.0796076 1.15582 0.316765 -0.0224849 0.699997 -1.6207 1.26571 1.0176 2.48459 0.782335 1.50634 0.71238 -1.15829 0.732897 -1.36338 -0.486081 -0.181851 -1.13224 -1.01141 0.26873 -0.40086 0.860544 -0.611662 -0.034345 0.25896 
-0.0392815 -0.0927465 0.0782821 -0.21578 1.0513 -0.357048 0.59546 0.745869 -1.13277 -1.32571 -0.0683794 -0.152692 0.111858 -0.638275 0.00977278 -0.808057 0.284208 0.506098 -0.441159 -0.717341 -0.518989 0.157795 0.931054 0.646389 0.71539 1.0077 -0.171655 0.498259 -1.06675 0.598592 -0.803984 0.284161 
-2.43906 4.20335 6.68863 0.408263 -2.6726 -3.87927 -8.8623 -2.32699 5.09199 1.25059 -1.02897 1.98248 -8.72792 2.74385 3.90207 11.7448 3.52588 7.83187 3.43413 -5.69493 2.24842 -5.04957 -2.22792 -0.952941 -4.10121 -5.62075 0.0572928 -2.26503 4.04377 -3.5901 1.47321 -0.396216 
7.84251 -12.2336 -19.3681 0.213204 6.31406 13.3364 23.8709 5.57613 -13.4958 -1.5618 2.57224 -5.53566 25.1635 -7.76186 -11.4071 -31.5038 -12.0223 -22.841 -8.05055 16.8399 -7.32137 12.9807 4.77038 1.93018 11.7316 15.3212 -1.17151 4.77311 -9.49307 10.8229 -2.21096 0.299053 
4.07617 -4.47235 -8.23712 -0.595077 2.55393 5.86979 9.53896 2.26941 -5.24761 -0.0552643 0.39546 -1.34878 10.257 -3.57027 -4.48378 -12.9779 -5.5714 -9.7596 -2.73158 6.67718 -3.28153 5.07517 1.62016 -0.0576776 4.32766 6.64488 -0.167285 1.01368 -2.73435 4.9639 0.053742 -0.552061 
-4.74364 6.77479 10.6347 0.60126 -4.08821 -6.69455 -13.6973 -2.68786 8.00234 1.46506 -1.79682 3.42823 -13.9536 4.47679 6.57487 17.7438 6.56876 12.965 5.08173 -9.20939 3.93387 -7.86521 -3.08133 -1.22153 -7.33215 -8.80762 0.0639544 -3.1672 5.47186 -5.44476 1.33284 -0.086375 
0.0959673 -1.07412 -0.719323 -0.0271711 0.543735 0.403907 1.38983 0.483677 -0.877191 -0.136971 0.237225 -0.182207 1.52293 -0.209663 -0.795143 -1.81986 -1.15499 -1.23073 -0.186172 1.22995 -0.801456 0.829936 0.270339 0.286014 0.566512 0.347938 0.29926 0.0242216 -0.476388 0.628557 0.240927 0.115676 
5.78092 -8.21558 -13.7014 -0.856546 4.47486 8.81027 16.1332 3.68762 -8.89226 -0.903146 2.05572 -3.64896 17.1018 -4.77258 -7.62974 -21.7326 -7.96456 -16.2532 -5.24879 11.5875 -4.8851 8.89267 3.78323 0.61202 8.05872 10.5208 -0.482716 3.29098 -6.22928 7.00738 -1.10017 -0.155716 
-4.49538 6.59642 11.6233 0.391437 -3.65988 -7.5538 -13.7504 -3.16665 7.42272 0.704924 -1.63562 3.22906 -14.5755 4.30109 6.32637 18.664 6.847 13.2277 4.54493 -10.0052 3.7963 -7.15741 -3.17812 -0.950391 -6.69587 -8.99078 1.13944 -2.46365 5.50625 -6.44244 1.25208 -0.238305 
1.52466 -2.94725 -4.06688 -0.0939275 1.39665 2.61136 5.11175 0.590611 -3.00034 -0.382995 0.941767 -1.72349 5.49186 -1.67114 -2.70849 -6.49646 -1.84078 -5.22244 -2.31755 3.42782 -1.02326 3.3941 1.51193 0.629164 2.91514 3.329 -0.23581 1.57588 -2.40708 1.9511 -1.0253 0.220818 
-4.57588 6.64047 11.1584 0.977165 -3.86588 -7.57786 -13.6454 -2.96967 7.47093 1.08745 -1.48937 3.12601 -13.6062 4.08868 6.21635 17.9292 6.09361 12.9364 4.41003 -9.00449 3.57712 -7.44799 -2.98072 -1.07469 -6.65024 -8.72027 0.503984 -2.49752 4.76173 -5.86207 1.26509 0.500161 
7.73246 -10.8627 -18.8779 -1.46232 5.66457 12.1926 21.7838 5.47453 -12.2178 -1.10077 2.29699 -4.67684 23.4151 -6.37939 -10.13 -29.2754 -11.0057 -22.3488 -7.09941 15.8173 -6.26194 11.8064 4.90267 1.57581 10.9234 14.4133 -1.26043 4.20352 -8.09729 9.95954 -1.43073 -0.495778 
-8.67111 12.0858 20.3429 1.20578 -6.36907 -13.7353 -24.5059 -5.65306 13.7122 0.732478 -2.39501 5.35257 -25.9452 7.76053 11.7481 32.8802 12.9632 24.8644 7.99239 -18.0091 7.45093 -13.1917 -4.71935 -1.11748 -12.0949 -16.1809 0.543714 -4.61827 8.75688 -11.3844 0.993553 0.508959 
-4.59154 6.85456 11.0868 0.190176 -3.93311 -8.07958 -15.34 -2.70218 8.20012 0.847872 -1.74914 3.63765 -14.3306 4.7017 6.68244 19.2059 6.87611 14.2923 5.23095 -10.2343 4.66756 -8.00268 -2.98848 -1.33382 -6.9777 -9.06512 0.120162 -3.02146 5.1303 -6.17833 1.14152 0.457363 
2.12052 -1.75809 -3.60381 -1.0361 1.23327 2.07462 3.0378 0.669952 -1.88221 -0.14609 0.604005 -0.882199 3.99845 -1.44825 -1.49883 -4.77238 -1.24853 -3.66676 -1.43131 2.52455 -0.479533 2.6597 0.895693 -0.143493 1.83637 2.67203 -0.447679 0.74517 -1.05039 1.03942 -0.557825 -0.0913904 
4.62594 -7.60029 -11.984 0.386905 3.95721 8.70215 16.0212 3.50311 -8.7077 -0.956939 1.5503 -3.40056 16.1146 -4.87127 -7.54536 -20.7132 -7.7256 -14.6049 -5.07898 11.1388 -4.60587 7.68453 3.06899 1.65451 7.02575 9.74102 -0.67347 3.07084 -6.37831 7.13476 -1.43902 0.0771038 
1.16392 -1.6799 -3.19847 -0.513362 0.591805 2.8544 3.07848 0.470714 -1.01386 0.711004 0.406433 -0.319253 3.75715 -0.782334 -1.74475 -4.90181 -2.14635 -3.98376 -1.22576 3.02218 -0.476381 1.72959 0.532207 -0.606644 1.16357 2.12785 0.101752 0.0385599 -0.526852 1.35953 0.702761 -0.507208 
2.82887 -3.35053 -6.15485 -0.618727 2.60937 4.80215 8.06282 1.34266 -4.23241 -0.656147 0.375393 -2.19733 7.65848 -2.57497 -3.50196 -10.3141 -3.64554 -7.27579 -2.66694 5.14972 -2.3237 4.28847 1.58718 0.728806 3.84009 4.56191 0.19684 1.64581 -2.07826 3.09185 -0.385371 -1.22125 
1.66243 -2.25778 -3.37232 -0.107649 0.746276 1.89207 4.60705 0.834589 -2.14369 0.0572334 0.650876 -1.20002 4.35237 -1.44096 -2.03521 -5.84557 -2.6482 -4.53367 -1.37394 3.53062 -1.43944 2.59153 0.82985 0.374723 2.04036 2.86337 0.127664 1.15222 -1.88849 1.80186 -0.126224 0.137056 
-2.06184 1.93505 3.38364 0.638684 -0.176998 -2.26025 -2.57997 -0.699901 1.73743 -0.683793 -0.707422 0.266463 -4.02134 0.867281 2.16149 3.96149 2.57393 4.1691 0.811308 -3.07813 0.888132 -2.06535 -0.380956 0.853073 -1.66227 -2.21624 -0.247028 -0.354341 0.694071 -1.62863 -0.394012 0.399552 
0.116467 -0.101521 0.64635 0.221496 -0.239997 -0.00561128 0.0563361 -0.140963 -0.417498 -0.17609 0.181133 -0.0786074 0.0326611 -0.354961 -0.242645 -0.170976 -0.173831 0.165269 -0.14694 0.137204 0.0530298 0.364198 -0.0361293 -0.612171 0.271406 0.11962 0.664875 -0.30088 -0.280317 0.128242 0.237016 -0.15359 
-3.31893 4.54649 8.05156 1.39936 -2.35761 -4.73403 -8.52093 -2.1424 4.29726 -0.384641 -0.94716 1.79369 -9.79624 2.30958 3.78126 11.8118 5.26046 9.57264 2.26644 -6.70053 2.75277 -4.92985 -1.6006 -0.771539 -4.57439 -5.3529 0.277363 -1.48562 2.94613 -3.66854 0.100563 0.532495 
-0.142042 0.796857 1.55106 -0.0670985 -1.49273 -0.662212 -1.91444 -0.995708 1.08999 1.24558 -0.318057 0.48899 -1.46599 1.01027 0.275071 3.09421 -0.552312 0.6691 0.773298 -0.297952 0.0733686 -1.22066 -1.01387 -0.977451 -0.721874 -1.12765 0.880982 -0.905868 1.05995 -0.354403 1.77915 -0.211168 
-0.165492 0.149772 0.299887 0.456696 -0.149757 0.179303 0.642436 -0.0396426 -0.0625571 -0.173288 0.228349 0.106493 0.0354717 -0.511833 -0.340308 -0.43457 -0.0706175 -0.14904 -0.19757 0.197761 -0.550935 0.198554 -0.362029 -0.0930743 -0.00213535 0.215025 0.143082 -0.0635856 -0.110163 0.415343 0.242167 0.107603 
